IP total recomb ff compton DR DI lines Adiabatic
4.707580e-10 8.06e-12 1.38e-15 7.13e-16 2.67e-24 1.68e-13 0.00e+00 7.72e-12 3.55e-16
7.461012e-10 9.81e-12 2.08e-15 1.08e-15 4.23e-24 1.68e-13 0.00e+00 9.47e-12 3.55e-16
1.182491e-09 1.24e-11 3.41e-15 1.76e-15 6.70e-24 1.68e-13 0.00e+00 1.21e-11 3.55e-16
1.874121e-09 1.56e-11 5.45e-15 2.82e-15 1.06e-23 1.68e-13 0.00e+00 1.52e-11 3.55e-16
2.970282e-09 1.90e-11 8.20e-15 4.24e-15 1.68e-23 1.68e-13 0.00e+00 1.86e-11 3.55e-16
4.707580e-09 2.41e-11 1.34e-14 6.93e-15 2.67e-23 1.68e-13 0.00e+00 2.37e-11 3.55e-16
7.461012e-09 3.02e-11 2.14e-14 1.11e-14 4.23e-23 1.68e-13 0.00e+00 2.98e-11 3.55e-16
1.182491e-08 3.82e-11 3.48e-14 1.80e-14 6.70e-23 1.68e-13 0.00e+00 3.78e-11 3.55e-16
1.874121e-08 4.62e-11 5.20e-14 2.69e-14 1.06e-22 1.68e-13 0.00e+00 4.58e-11 3.55e-16
2.970282e-08 5.77e-11 8.28e-14 4.29e-14 1.68e-22 1.68e-13 0.00e+00 5.72e-11 3.55e-16
4.707580e-08 7.25e-11 1.35e-13 6.97e-14 2.67e-22 1.68e-13 0.00e+00 7.20e-11 3.55e-16
7.461012e-08 8.67e-11 1.98e-13 1.02e-13 4.23e-22 1.68e-13 0.00e+00 8.61e-11 3.55e-16
1.182491e-07 1.07e-10 3.12e-13 1.62e-13 6.70e-22 1.68e-13 0.00e+00 1.06e-10 3.55e-16
1.874121e-07 1.31e-10 4.85e-13 2.51e-13 1.06e-21 1.68e-13 0.00e+00 1.30e-10 3.55e-16
2.970282e-07 1.56e-10 7.17e-13 3.72e-13 1.68e-21 1.68e-13 0.00e+00 1.54e-10 3.55e-16
4.707580e-07 1.89e-10 1.11e-12 5.77e-13 2.67e-21 1.68e-13 0.00e+00 1.87e-10 3.55e-16
7.461012e-07 2.27e-10 1.69e-12 8.78e-13 4.23e-21 1.68e-13 0.00e+00 2.24e-10 3.55e-16
1.182491e-06 2.69e-10 2.53e-12 1.31e-12 6.70e-21 1.68e-13 0.00e+00 2.65e-10 3.55e-16
1.874121e-06 3.11e-10 3.58e-12 1.86e-12 1.06e-20 1.68e-13 0.00e+00 3.05e-10 3.55e-16
2.970282e-06 3.62e-10 5.21e-12 2.70e-12 1.68e-20 1.68e-13 0.00e+00 3.54e-10 3.55e-16
4.707580e-06 4.14e-10 7.37e-12 3.82e-12 2.67e-20 1.68e-13 0.00e+00 4.02e-10 3.55e-16
7.461012e-06 4.63e-10 1.01e-11 5.24e-12 4.23e-20 1.68e-13 0.00e+00 4.47e-10 3.55e-16
1.182491e-05 5.03e-10 1.34e-11 6.93e-12 6.70e-20 1.68e-13 0.00e+00 4.83e-10 3.55e-16
1.874121e-05 5.30e-10 1.69e-11 8.74e-12 1.06e-19 1.68e-13 0.00e+00 5.04e-10 3.55e-16
2.970282e-05 5.40e-10 2.10e-11 1.08e-11 1.68e-19 1.68e-13 0.00e+00 5.07e-10 3.55e-16
4.707580e-05 1.28e-09 2.74e-11 1.44e-11 2.01e-19 6.03e-14 0.00e+00 1.23e-09 2.68e-16
7.461012e-05 3.08e-09 3.42e-11 1.83e-11 4.23e-19 1.68e-13 0.00e+00 3.03e-09 3.55e-16
1.182491e-04 2.62e-09 3.81e-11 2.02e-11 6.70e-19 1.68e-13 0.00e+00 2.56e-09 3.55e-16
1.874121e-04 2.26e-09 4.12e-11 2.17e-11 1.06e-18 1.68e-13 0.00e+00 2.20e-09 3.55e-16
2.970282e-04 1.97e-09 4.42e-11 2.31e-11 1.68e-18 1.68e-13 0.00e+00 1.90e-09 3.55e-16
4.707580e-04 1.66e-09 4.71e-11 2.45e-11 2.67e-18 1.68e-13 0.00e+00 1.59e-09 3.55e-16
7.461012e-04 1.23e-09 4.98e-11 2.58e-11 4.23e-18 1.68e-13 0.00e+00 1.15e-09 3.55e-16
1.182491e-03 7.46e-10 5.21e-11 2.68e-11 6.70e-18 1.68e-13 0.00e+00 6.67e-10 3.55e-16
1.874121e-03 3.60e-10 5.43e-11 2.78e-11 1.06e-17 1.68e-13 0.00e+00 2.78e-10 3.55e-16
2.970282e-03 2.00e-10 5.60e-11 2.86e-11 1.68e-17 1.68e-13 0.00e+00 1.15e-10 3.55e-16
4.707580e-03 1.46e-10 5.72e-11 2.92e-11 2.67e-17 1.68e-13 0.00e+00 5.90e-11 3.55e-16
7.461012e-03 1.25e-10 5.81e-11 2.97e-11 4.23e-17 1.68e-13 0.00e+00 3.72e-11 3.55e-16
1.182491e-02 1.14e-10 5.86e-11 3.00e-11 6.70e-17 1.68e-13 0.00e+00 2.51e-11 3.55e-16
1.874121e-02 1.06e-10 5.89e-11 3.03e-11 1.06e-16 1.68e-13 0.00e+00 1.69e-11 3.55e-16
2.970282e-02 1.01e-10 5.89e-11 3.06e-11 1.68e-16 1.68e-13 0.00e+00 1.10e-11 3.55e-16
4.707580e-02 9.68e-11 5.88e-11 3.08e-11 2.67e-16 1.68e-13 0.00e+00 6.88e-12 3.55e-16
7.461012e-02 9.42e-11 5.87e-11 3.09e-11 4.23e-16 1.68e-13 0.00e+00 4.17e-12 3.55e-16
1.182491e-01 9.26e-11 5.87e-11 3.11e-11 6.70e-16 1.68e-13 0.00e+00 2.44e-12 3.55e-16
1.874121e-01 9.17e-11 5.87e-11 3.12e-11 1.06e-15 1.68e-13 0.00e+00 1.40e-12 3.55e-16
2.970282e-01 9.12e-11 5.88e-11 3.13e-11 1.68e-15 1.68e-13 0.00e+00 7.89e-13 3.55e-16
4.707580e-01 9.11e-11 5.89e-11 3.14e-11 2.67e-15 1.68e-13 0.00e+00 4.47e-13 3.55e-16
7.461012e-01 9.12e-11 5.90e-11 3.15e-11 4.23e-15 1.68e-13 0.00e+00 2.56e-13 3.55e-16
1.182491e+00 9.13e-11 5.92e-11 3.16e-11 6.70e-15 1.68e-13 0.00e+00 1.49e-13 3.55e-16
1.874121e+00 9.16e-11 5.94e-11 3.18e-11 1.06e-14 1.68e-13 0.00e+00 8.88e-14 3.55e-16
2.970282e+00 9.19e-11 5.96e-11 3.19e-11 1.68e-14 1.68e-13 0.00e+00 5.39e-14 3.55e-16
4.707580e+00 9.22e-11 5.98e-11 3.20e-11 2.67e-14 1.68e-13 0.00e+00 3.32e-14 3.55e-16
7.461012e+00 9.25e-11 6.00e-11 3.21e-11 4.23e-14 1.68e-13 0.00e+00 2.07e-14 3.55e-16
1.182491e+01 9.28e-11 6.02e-11 3.22e-11 6.70e-14 1.68e-13 0.00e+00 1.29e-14 3.55e-16
1.874121e+01 9.31e-11 6.04e-11 3.23e-11 1.06e-13 1.68e-13 0.00e+00 8.15e-15 3.55e-16
2.970282e+01 9.34e-11 6.05e-11 3.23e-11 1.68e-13 1.68e-13 0.00e+00 5.14e-15 3.55e-16
4.707580e+01 9.37e-11 6.07e-11 3.24e-11 2.67e-13 1.68e-13 0.00e+00 3.24e-15 3.55e-16
7.461012e+01 9.40e-11 6.08e-11 3.24e-11 4.23e-13 1.68e-13 0.00e+00 2.04e-15 3.55e-16
1.182491e+02 9.44e-11 6.10e-11 3.25e-11 6.70e-13 1.68e-13 0.00e+00 1.29e-15 3.55e-16
1.874121e+02 9.50e-11 6.11e-11 3.25e-11 1.06e-12 1.68e-13 0.00e+00 8.14e-16 3.55e-16
2.970282e+02 9.56e-11 6.11e-11 3.25e-11 1.68e-12 1.68e-13 0.00e+00 5.13e-16 3.55e-16
4.707580e+02 9.66e-11 6.10e-11 3.26e-11 2.67e-12 1.68e-13 0.00e+00 3.24e-16 3.55e-16
7.461012e+02 9.82e-11 6.10e-11 3.26e-11 4.23e-12 1.68e-13 0.00e+00 2.04e-16 3.55e-16
1.182491e+03 1.01e-10 6.10e-11 3.26e-11 6.70e-12 1.68e-13 0.00e+00 1.29e-16 3.55e-16
1.874121e+03 1.05e-10 6.11e-11 3.26e-11 1.06e-11 1.68e-13 0.00e+00 8.14e-17 3.55e-16
2.970282e+03 1.11e-10 6.12e-11 3.27e-11 1.68e-11 1.68e-13 0.00e+00 5.13e-17 3.55e-16
4.707580e+03 1.21e-10 6.13e-11 3.27e-11 2.67e-11 1.68e-13 0.00e+00 3.24e-17 3.55e-16
7.461012e+03 1.37e-10 6.13e-11 3.27e-11 4.23e-11 1.68e-13 0.00e+00 2.04e-17 3.55e-16
1.182491e+04 1.61e-10 6.14e-11 3.27e-11 6.70e-11 1.68e-13 0.00e+00 1.29e-17 3.55e-16
1.874121e+04 2.01e-10 6.14e-11 3.27e-11 1.06e-10 1.68e-13 0.00e+00 8.14e-18 3.55e-16
2.970282e+04 2.63e-10 6.15e-11 3.27e-11 1.68e-10 1.68e-13 0.00e+00 5.14e-18 3.55e-16
4.707580e+04 3.61e-10 6.15e-11 3.27e-11 2.67e-10 1.68e-13 0.00e+00 3.24e-18 3.55e-16
7.461012e+04 5.17e-10 6.15e-11 3.27e-11 4.23e-10 1.68e-13 0.00e+00 2.04e-18 3.55e-16
1.182491e+05 7.64e-10 6.15e-11 3.27e-11 6.70e-10 1.68e-13 0.00e+00 1.08e-32 3.55e-16
1.874121e+05 1.16e-09 6.15e-11 3.27e-11 1.06e-09 1.68e-13 0.00e+00 6.82e-33 3.55e-16
2.970282e+05 1.78e-09 6.15e-11 3.27e-11 1.68e-09 1.68e-13 0.00e+00 4.30e-33 3.55e-16
4.707580e+05 2.76e-09 6.15e-11 3.27e-11 2.67e-09 1.68e-13 0.00e+00 2.72e-33 3.55e-16
7.461012e+05 4.32e-09 6.15e-11 3.27e-11 4.23e-09 1.68e-13 0.00e+00 4.22e-192 3.55e-16
1.182491e+06 6.79e-09 6.15e-11 3.27e-11 6.70e-09 1.68e-13 0.00e+00 2.66e-192 3.55e-16
1.874121e+06 1.07e-08 6.15e-11 3.27e-11 1.06e-08 1.68e-13 0.00e+00 1.68e-192 3.55e-16
2.970282e+06 1.69e-08 6.15e-11 3.27e-11 1.68e-08 1.68e-13 0.00e+00 0.00e+00 3.55e-16
4.707580e+06 2.68e-08 6.15e-11 3.27e-11 2.67e-08 1.68e-13 0.00e+00 0.00e+00 3.55e-16
