OUTPUT Lum_agn= 1.000000e+37 T_e= 1.035000e+04 N_h= 9.985303e+06 N_e= 1.206937e+07 alpha= -0.900000 IP(sim_2010)= 3.662110e+08 Meaured_IP(cloudy)= 4.707580e+06 distance= 1.000000e+11 volume= 1.256638e+23 mean_ds=1.002249e+00
OUTPUT Absorbed_flux(ergs-1cm-3)    5.92e+00  (photo 5.92e+00 ff 5.53e-08 compton 6.52e-05 induced_compton 0.00e+00 lines 0.00e+00 )
OUTPUT Wind_cooling(ergs-1cm-3)     2.68e-08 (recomb 6.15e-11 ff 3.27e-11 compton 2.67e-08 DR 1.68e-13 DI 0.00e+00 adiabatic 3.55e-16 lines 0.00e+00 ) after update
OUTPUT Wind_line_cooling(ergs-1cm-3)  HHe 0.00e+00 Metals 0.00e+00
OUTPUT Balance      Cooling=3.36e+15 Heating=7.43e+23 Lum=1.18e+13 T_e=1.035000e+04 after update
OUTPUT H      2.17e-12 1.00e+00
OUTPUT He     5.36e-22 1.55e-10 1.00e+00
OUTPUT C      2.76e-24 2.76e-24 2.76e-24 3.25e-24 2.75e-15 1.26e-07 1.00e+00
OUTPUT N      8.93e-24 8.93e-24 8.93e-24 8.93e-24 8.86e-23 2.07e-14 3.19e-07 1.00e+00
OUTPUT O      1.18e-24 1.18e-24 1.18e-24 1.18e-24 1.18e-24 1.46e-21 1.17e-13 7.18e-07 1.00e+00
OUTPUT Ne     8.14e-24 8.14e-24 8.14e-24 8.14e-24 8.14e-24 8.14e-24 8.14e-24 1.55e-19 2.02e-12 2.78e-06 1.00e+00
OUTPUT Na     4.90e-22 4.90e-22 4.90e-22 4.90e-22 4.90e-22 4.90e-22 4.90e-22 4.90e-22 1.03e-18 6.74e-12 4.89e-06 1.00e+00
OUTPUT Mg     2.63e-23 2.63e-23 2.63e-23 2.63e-23 2.63e-23 2.63e-23 2.63e-23 2.63e-23 2.63e-23 5.79e-18 2.01e-11 8.29e-06 1.00e+00
OUTPUT Al     3.32e-22 3.32e-22 3.32e-22 3.32e-22 3.32e-22 3.32e-22 3.32e-22 3.32e-22 3.32e-22 3.32e-22 2.81e-17 5.55e-11 1.35e-05 1.00e+00
OUTPUT Si     2.82e-23 2.82e-23 2.82e-23 2.82e-23 2.82e-23 2.82e-23 2.82e-23 2.82e-23 2.82e-23 2.82e-23 3.90e-23 1.19e-16 1.40e-10 2.11e-05 1.00e+00
OUTPUT S      5.38e-23 5.38e-23 5.38e-23 5.38e-23 5.38e-23 5.38e-23 5.38e-23 5.38e-23 5.38e-23 5.38e-23 5.38e-23 5.38e-23 4.00e-21 1.57e-15 7.37e-10 4.73e-05 1.00e+00
OUTPUT Ar     2.76e-22 2.76e-22 2.76e-22 2.76e-22 2.76e-22 2.76e-22 2.76e-22 2.76e-22 2.76e-22 2.76e-22 2.76e-22 2.76e-22 2.76e-22 2.76e-22 6.08e-20 1.51e-14 3.19e-09 9.62e-05 1.00e+00
OUTPUT Ca     4.58e-22 4.58e-22 4.58e-22 4.58e-22 4.58e-22 4.58e-22 4.58e-22 4.58e-22 4.58e-22 4.58e-22 4.58e-22 4.58e-22 4.58e-22 4.58e-22 4.58e-22 4.58e-22 1.16e-18 1.12e-13 1.17e-08 1.81e-04 1.00e+00
OUTPUT Fe     3.09e-23 3.09e-23 3.09e-23 3.09e-23 3.09e-23 3.09e-23 3.09e-23 3.09e-23 3.09e-23 3.09e-23 3.09e-23 3.09e-23 3.09e-23 3.09e-23 3.09e-23 3.09e-23 3.09e-23 3.09e-23 3.09e-23 3.09e-23 3.09e-23 7.99e-20 1.15e-15 3.76e-11 5.70e-07 1.24e-03 9.99e-01
